655: 999, 309, 6

655: 999, 309, 998, 6
655: 7, 310, 998, 6

655: 7, 800, 999, 13, 997, 6

655: 7, 309, 998, 6
655: 7, 30, 309, 998, 6

655: 7, 30, 309, 998, 30, 407, 999, 6
655: 7, 309, 998, 30, 407, 999, 6
655: 7, 30, 309, 998, 30, 407, 999, 6
655: 7, 309, 998, 407, 999, 6
655: 7, 30, 309, 998, 407, 999, 6

655: 817, 11, 999, 12, 30, 309, 998, 6
655: 817, 11, 999, 12, 309, 998, 6

655: 241, 999, 309, 998, 6
655: 241, 999, 30, 309, 998, 6

655: 819, 11, 999, 12, 30, 309, 998, 6
655: 819, 11, 999, 12, 309, 998, 6

655: 818, 11, 7, 12, 30, 309, 998, 6
655: 818, 11, 7, 12, 309, 998, 6

655: 999, 3, 999, 30, 309, 998, 6
655: 999, 3, 999, 309, 998, 6

655: 7, 30, 309, 998, 30, 800, 999, 10, 27, 997, 27, 6
655: 7, 30, 309, 998, 30, 800, 999, 406, 27, 999, 27, 6


655: 999, 309, 998, 30, 800, 999, 14, 997, 6
655: 7, 309, 998, 800, 999, 13, 997, 6
655: 999, 3, 817, 11, 999, 12, 118, 999, 30, 309, 998, 30, 326, 145, 999, 30, 528, 145, 999, 231, 6
655: 999, 3, 818, 11, 7, 12, 118, 999, 30, 309, 998, 30, 326, 145, 999, 6
655: 999, 3, 999, 30, 309, 998, 30, 800, 999, 14, 997, 6
655: 999, 3, 817, 11, 999, 12, 118, 999, 30, 309, 998, 30, 326, 145, 999, 30, 333, 999, 14, 997, 6
655: 7, 30, 309, 998, 30, 800, 999, 349, 11, 27, 999, 27, 3, 27, 999, 27, 12, 6